31201857
53727715
36207494
59223120
80413419
60330869
21825050
55281169
28092733
29025326
88871732
66436348
07837464
39232723
03623977
34851250
53975673
50269658
63259904
76000542
90995939
99376550
37160054
32343511
93796405
19812568
59835740
31064013
45901151
10900475
63397807
18102791
13969208
27537661
22253838
06938472
25730858
37852928
91794589
35507969
86445214
06416158
10791120
71595889
20400584
13998340
11356673
93480315
83653235
48733622
37958388
16720475
84814009
87690449
61611557
31470604
98194499
43957622
78039064
12391745
85439009
12067736
42646527
40056112
29079816
46336412
25007917
98795715
67634107
55661927
37180732
69069953
92195177
35930249
44377296
78033141
43393839
94031074
75715981
60618345
87388959
65214606
78185677
82263082
79492776
97619343
05283461
12779679
64738488
23499285
06503172
01596818
00587619
94015923
87936253
28353193
11560235
72444475
17222977
86542308
43074933
78474951
72668991
75979197
68052657
59955064
16789112
21693434
94474177
07285738
00797015
61977291
54508569
95328280
48284871
36623886
49889899
49378092
65192381
02479772
66352689
82435736
79310285
76779993
86933188
99367154
60694194
09626297
64030744
27065603
39407809
57516454
15341581
20984155
28835489
16128110
39652511
94698232
45323770
43286105
78647947
40710954
07905147
63109368
51094056
74429517
04805482
52990697
67423993
42444900
22709728
14990263
41368171
33688374
47715114
34871256
42791905
37037644
94081321
76394722
23558288
15999473
28708542
88059404
12147882
04543389
59347634
04307381
09286597
84918989
24158905
13597643
07593006
36321966
61095756
24126388
40600952
24591648
56353071
55191242
62530347
94083236
17988948
71028694
48363099
23507234
33832934
71890187
95334201
56621734
60726170
45900761
15226431
43199251
06022836
93990064
26001913
12653350
67691046
33539063
43918794
96379072
60763055
18525745
01137024
77487193
07344194
34474340
48776061
94059333
27586313
62816998
10915434
77839925
40421601
38889736
04305504
36126389
13351829
93232542
43832783
70199162
19383646
19406575
08421962
63180414
85945892
34805399
05582925
29379089
45667492
29630265
25506561
85993325
70735802
16401392
17910670
82323368
92745238
36821571
84404300
02871349
77810266
85693108
48231071
26703469
09629660
69024973
31975172
33004134
67373958
45884227
40928448
76972382
36007115
76498780
49006636
26932976
78719397
99573130
24172207
30368334
41811458
78474621
04652421
86984256
93644662
60099731
96770492
90527702
32738811
99996903
17156323
54571986
69074554
68777017
42808257
96760692
26636213
80702864
29853904
06548117
30748695
31842900
59363849
91814169
51354993
06950868
85759694
37722653
00868470
31695086
55701544
88391008
51584360
11553719
92309698
00369284
52584521
70179608
76647118
88194832
84266447
57889258
49196768
09218837
69788357
26653950
00072913
05026049
35030079
05587550
76085880
62763985
27476764
74185795
74576913
98117810
89487137
64965684
96143465
73117806
34148689
12911268
31731655
18564056
95311978
96265097
33253709
35344539
62173766
82079739
24998471
91833723
17210713
50198836
22879981
84459721
96998671
87212389
18943847
45481017
62191752
17511930
52249417
48372091
80485444
41820387
37257352
35171121
83556084
97617317
68238037
07585740
34686366
61104203
96600338
44672673
83601900
04310423
69254358
70399628
70637995
77111795
20017306
65888911
95131127
77489730
14978192
73543060
31616450
36992707
64120088
88544689
10442921
91896342
31401172
55249663
71467849
12580091
63211283
91998576
46821952
75838406
06716085
73605825
76222104
88051924
16166098
74885014
53804877
62375998
08837830
12688193
89115054
29410533
35399414
45580968
11127366
58032089
91823839
26947085
80030061
56149471
30566156
93395981
74133288
09167496
11114765
30052744
05801979
81592004
20228216
80125889
43009695
55136714
19799989
53618935
97769389
79225784
97663715
16401114
06012740
18999574
50447655
35403501
46047825
77595785
19417602
61129228
92699938
41572885
25880111
13349006
11670953
73058369
81432867
03674701
97352305
43825962
83309521
29575698
70534765
99116190
18455572
03151359
51271495
84918158
73182302
09663160
91275702
10211085
37046213
71567913
16887780
76739484
06225131
62776420
98045534
89970555
50746514
65660116
64802475
38745750
59540784
61000539
77084087
62633415
90674947
67742009
23805767
49618868
74170209
22957640
86246833
21629752
76928712
59728655
97975576
77784255
24797115
81703700
34216405
66251763
28380801
71123875
34803578
10759069
85905528
57794770
89145386
91289310
35273974
55248407
14244227
71624777
39641246
48219740
90480889
13522523
84121114
99624544
75552641
65090171
78434646
85463120
93050244
35378802
73208194
22306344
30301979
70251743
92510458
05561555
28952385
55567026
45104653
22232099
96742915
01695024
39827330
22334720
36842491
41424657
46221819
83101403
27699267
03386865
68438502
20219668
35908313
23449084
08292571
01641874
40648697
87112776
25124417
00776793
99663782
69906906
08967531
13894608
61683526
07302207
08147449
65787616
91865594
28818895
13474359
38654407
46420901
82467801
76125014
86229541
17378453
12731080
03244984
28581954
97367500
01207972
63795184
13450460
10464725
34490527
34255457
87319381
97107424
18721064
92944390
14101907
05566085
92992657
57069961
26186832
92905189
66687206
30235380
81622415
07532074
80386386
37322735
97761302
66000778
12882879
58015477
65274179
93054403
94277752
47171013
17118839
75835806
37823764
75227987
10233590
74118940
76926334
57144168
81599770
68218737
51815013
85771863
07627480
79245470
74912899
85765756
48820859
39229670
15574950
63650592
54588654
24215678
36189591
94473840
63013195
01857525
33112123
14755371
79423553
37612245
53713777
78691776
15132343
40685584
33606907
26423602
08139903
65123569
06863530
28325393
87573778
83219149
66500790
20302144
63985134
41462563
20427449
87847439
86024732
83198964
35602656
95096179
73297858
93612075
44458319
28628818
81810271
83729599
34150946
49205702
13828261
70028174
48814851
61827334
60520235
45844019
60717559
95000442
15823302
11951174
86457873
46570886
31642405
87322330
19191060
12502626
48050536
41650434
34351478
78972327
85666731
94922269
14613267
12643706
89634580
35903675
94261785
38809291
33254202
15887062
89656498
36207955
01960374
61121424
97277308
96146208
13667456
12707267
57384646
95238962
91549901
71382187
82916748
85916883
56693113
42679734
75534746
91276299
74659732
53520039
38121597
67350856
51388180
47384709
11075613
81649170
73596296
86391294
58011727
14971451
90073141
26828424
70453750
76013695
42378359
93170132
88715088
15147431
24689301
10972029
39383530
31734175
66819023
45303609
88024228
57243165
92590975
04986408
42613292
33688130
28957929
89132729
27657650
79928275
92821282
70412873
03053825
30057095
97796292
29078556
12978479
70129909
86517258
53003317
26893524
81001463
28724350
82475641
24026003
55656646
13766546
85377466
38096988
70056321
92568886
18110869
87101093
93492960
24474256
20111880
22048324
24581380
96571462
79882658
54413481
30686777
46888102
33507662
12272222
25460819
84195363
86136679
56275631
75300531
54843090
79334644
96484257
74375122
54495208
43956664
98066641
77294103
12290750
68604510
82487814
74365636
90312969
63940971
82114867
69859304
89469181
59785092
05503123
28366352
88702030
90387068
59202618
59914851
19992398
73532561
53836566
16861121
09287386
60814082
16612987
03173032
99891851
83004740
08199842
83334787
26961559
85236190
73494458
38223330
28460131
09525279
33023634
23731749
47703162
83434085
61959959
61781647
28894341
31316279
48592569
99552526
03636026
56169654
40724000
33506129
06373588
78505181
06109103
59169769
71864361
38771430
74885678
10528079
25034420
35129017
84081261
24984146
18489448
61141543
89717342
45584594
59482186
97078215
42968637
09722146
52837207
67781347
52497515
63063335
72985371
34197970
26883461
75317835
27823054
40490567
08046783
64192715
60546072
86938000
03052956
12187442
42905466
32174439
69281804
73376406
30088083
44942328
32260327
03217567
33875210
52611501
66558699
06337201
35759861
14064351
81043669
49613536
79976229
62722381
81080755
37926833
95621490
21664612
78403170
40418461
26605064
28897654
49245374
17488353
91069326
08870408
20650673
02294482
82596079
43296000
43359458
02400351
75981617
42684514
08179898
02935744
30315930
85230245
30487761
96911781
99957451
93892595
52574596
32802057
16112392
45405165
44903790
36899735
47686862
56842722
29665294
38689769
08148884
37221138
52999373
66239422
37070708
68432137
43080942
95868278
03471456
22269012
67659590
24693342
87646065
76704603
84429725
24505316
95329316
24975745
29911110
16486493
05207098
79845340
23384503
58696840
35256145
07726016
39576331
43216028
73804905
37480272
02534305
85425028
47179987
54154661
21022002
73603844
92877654
76956288
00398331
25009826
88727749
03653379
79286749
16516129
72868099
57766180
41420589
76480852
26352844
08873629
74581069
74070914
65318445
50637179
53298537
49995741
73735937
86142406
07817148
91317403
99223641
14198192
08110920
95628270
72656661
95068371
93788421
59762168
88897439
30202929
07151273
52332334
38106756
88816724
45034194
96810152
12570624
18350205
44022271
10317084
77607306
28150210
99860680
33385670
36915954
02595511
02253283
24650983
10426176
33684998
36390921
65890344
22868333
55149003
00235409
35742107
84748222
37328186
88074014
67709834
76601856
30161127
24828500
87586859
98119133
20632452
19456478
36751952
83101720
34228812
50255980
12790669
47847276
32295463
26624851
85557635
49190604
04742247
62182380
19717621
18474001
50880149
87636379
26815446
39050985
69776395
80570140
17856950
54632173
50685599
19164584
47241277
80949401
72559090
77443089
01454799
76579181
30125113
65448314
60621326
86351086
44424164
51441256
58289352
11051271
55606927
01156392
17457064
66699108
07690911
56831420
53710730
20614858
61403489
02858455
11843078
89664658
08503159
31898036
94967485
27797178
71303327
70559661
98052700
08348266
24786428
70600504
98520369
25065920
44170947
23261009
05261434
37571982
35970816
48980038
51345031
56182353
51646056
88289812
10459809
26398349
58497628
21795248
32412636
86573654
31493542
98470999
52591000
62743452
52058559
14392361
81997974
67178479
17883590
07699170
55699106
22803166
89057255
72417358
47019331
23001589
60976154
94878232
90470933
88347208
68245386
57372256
89366797
01308826
23883012
93230317
89437359
89321695
98369623
72317407
67852195
34841167
39481190
60581251
10949420
03921175
96467534
39842417
84277401
20208853
37557956
43089940
69878323
21173351
63432372
72914393
52913932
73181614
48883817
96848334
11162580
57534464
73181683
19503727
86554206
06944739
93728896
30732572
22646070
51340463
06919184
74106948
56092725
04267069
63340606
85011315
45758129
24211452
08986355
94368975
78142690
36602278
69588972
91669991
01362445
18456294
32791000
10745184
06211608
19363698
90286742
70967290
67597713
04052239
45614905
06431424
47807873
71717874
22061261
20606915
20776561
45340133
08136986
09054273
11000521
82669490
88036035
11352926
61849964
73728699
82080366
77560508
36680498
60303656
49230178
60521785
39262593
76913890
92262246
88985423
31746671
35977269
75722638
33821394
62651033
35465166
60068362
75266779
42329192
94587290
76378317
46631310
54187004
34431781
89459815
48872333
73514522
27716010
33082766
71745626
92530585
69539742
21067504
28168729
36135075
95803470
82202696
77258906
37784636
82499266
81576933
13888127
55604021
89248568
67436981
30945761
69222177
06558739
08229899
58645587
35441342
81796448
87114635
13322569
04761144
38302716
72715791
38010594
28067364
44115191
33682964
48149600
27226680
89987090
80233998
71429776
48776063
33730245
15073192
45389241
91322304
66101527
11564359
65220351
94115514
44326001
50972997
29475406
79830326
17829754
01407743
54624363
44801246
39846067
37422001
30983746
34070966
45973884
02483833
26902569
28888670
22094986
41742406
74312247
12782239
57627874
92189793
96254510
42242392
62361312
40253164
17645206
66437943
96104728
53077422
45858903
49089818
19891916
23452052
66001641
48998407
99686528
61376192
92695808
08610492
41583355
16941203
57600228
02334371
67567793
76847133
45679780
57668886
97396822
27147576
01563713
78527759
91487262
71365146
90468256
40417145
65735141
84771208
44267638
24570393
16363962
87689871
79341428
69437299
06635294
76883718
52295799
39483755
54630058
88313981
36159028
99873355
78377525
64587087
84556072
18595358
27272312
14129901
46358721
44801869
36275562
42041164
97877927
42327929
76457181
56085733
90783367
28332170
27904585
54804981
49253137
42384533
74022107
23888608
92713138
78926803
35015301
21373889
62557155
97606180
93687639
60544010
83770390
01144256
69123475
14958507
62378772
93500780
01043927
08416920
30702444
11754082
06158316
55885693
60418510
29303084
09121871
64513439
57930549
85903798
63824664
38039691
19865921
73002773
82069719
93859714
15872475
53829885
90686579
34187352
18950802
55967084
77951289
91375208
37289336
39157039
11506901
93073985
55888907
83008543
69623210
87509045
83318426
01682476
90385786
63133858
46569484
73007561
70435922
03956719
09829801
52899724
59407427
96708995
03236564
71150154
26084451
90286008
60489011
45075404
96206695
22249119
73881161
23160416
00487519
49912298
81178924
10725816
56539610
14494580
12050227
00396997
20196784
80781301
71073374
89893392
43817835
44918603
11292512
74635612
39114119
04775104
72103153
51635078
49020247
84146475
55494926
27667610
20090311
30262688
25471851
08920590
80016427
63090687
18499231
91243296
15795731
74939829
35940334
83004446
52041016
70370693
23327684
50798093
83050684
63068963
25034678
50468053
20122139
84344960
67424534
31921300
93798638
30779158
31596438
31532234
85492161
94548600
12057450
71249536
18810526
98344959
30850074
13614322
46959091
53884114
81293246
57912880
36512092
23816974
25023086
55499998
05697619
36898171
15960494
50976985
65656143
50273908
00300145
72176142
34475789
30774820
55773041
13722606
73023383
37768562
05448341
18012118
94835727
95178565
10828302
27398501
01285741
27290035
59035226
28887005
32930618
38971573
96510704
73599609
39752430
41711183
87469008
66907800
59072101
65697798
01768341
10498716
40941915
64719530
36313157
11595616
01121297
83624718
30938199
17072626
78286123
84259997
28100076
34694811
05116316
11376210
52915266
02270456
92491484
83031288
72576898
53035729
95066076
47831164
44466652
36178992
33832436
68025281
07659444
14355559
67405948
81608320
80147552
56788013
20590001
60378636
80109588
15467318
36738592
59302377
61537895
23149141
52901210
94423631
47810918
22318211
97109080
73737734
27859689
25714698
50733533
36086854
42909985
74559935
51933838
90741083
39364758
59075691
99733836
04585294
70695149
93412185
37053601
46466648
93980015
64307977
27961904
20401507
45851324
41067432
13519354
34425421
57167237
98211855
58332556
91716614
48927653
73753491
58463846
16318714
51339215
32433862
57172912
92835128
66200450
97003730
29690668
20369072
60399546
86980621
29280712
82364574
94622677
46339927
47652787
72482000
78044969
99848010
54924184
29222989
64850612
16226370
24896415
25378761
39636499
79486912
21098846
39299731
88429824
09584887
40122264
19587401
59480921
84918092
96673141
48615476
34254560
37869956
23450391
25166506
35331341
53546753
26651097
55552065
22616439
24913187
83279557
70280661
66224600
58637391
14493562
36682310
75605797
40230607
73897205
32880660
84408342
90772697
54023972
83627843
92583440
77573439
48339098
01458016
63059073
55936473
42196395
61234016
09664542
01870785
88687320
04466784
02864037
60385529
43663777
83218474
12257470
21796720
70933768
82890659
38871182
11962252
48324927
36109102
01363967
89860962
09469251
09874983
62880851
16798072
66871595
60648541
73291440
25781458
67739570
43734582
79785091
93102660
69575175
14286665
04912225
41304452
38874028
25880171
70213945
43375874
52806514
62100376
73126203
44063794
76640217
65789473
46271756
03324401
51371855
53473983
27003369
92791279
57955714
76452571
72139149
12745956
88420662
05933648
94706715
73943512
59901146
29420555
86350605
13658670
32883162
43295159
43282294
90130792
06576367
94678827
13823695
12006041
59902444
58276760
18485631
03536934
06289905
18128929
41960073
78070733
34445844
00521315
71506812
71587294
63637561
40838594
56388508
02498152
47887252
28397462
36574350
37516349
44462288
11997208
65544534
67037784
27314677
17294064
55748860
20062344
01147254
73232568
65658838
99671238
90615678
11110993
91392690
42997867
13621569
83364391
35969429
21644086
54544596
79927490
09568686
96407759
99097357
20306811
29215915
58362677
82918128
11539818
71863588
06251281
24965032
80824833
72024581
08065705
16301773
43595691
47811662
08311102
67205653
87293799
98617349
38491473
08220565
82064413
36428163
02982021
83074110
55825278
76334186
88111813
26744928
82647181
60355754
03736963
47170075
58288112
88725047
37704059
34952403
44896988
82383105
46163167
24199908
83964281
37727041
77054342
49696210
71090780
51310687
81597627
59605290
09790139
54504396
22499524
86821444
24224621
97813849
61073338
46408163
25375824
29206237
84106049
19947165
01763166
58594359
63678512
85849213
31297792
43600032
52870966
12903984
33170045
32035694
80265490
64732938
07434677
43481352
98947330
27995198
51334779
57519841
01604110
14259653
00285105
95275171
16900529
47561804
90261611
14192527
55554376
62624075
89529479
19353391
10425078
05030177
54691351
73122698
14369653
72552944
37009896
45295781
26205541
80541085
54514231
49956964
38763678
99237892
68729048
93755745
99971597
76540242
66072662
56754776
65019556
52784087
99771297
40016300
29937994
02747263
39894917
46358646
37911341
59342724
43337347
25316950
45088220
96578902
98441106
15001094
74479905
80332892
88511870
64956933
94606775
80640024
86675996
61844174
68118629
63223124
77799817
58469305
09130224
83271837
20902441
06800177
07306806
28341311
72043019
52384580
64012279
43548371
80234077
82630794
18567953
77695632
33790472
21848392
58048255
50665529
82291962
60811311
90788927
95598653
00054552
35133662
05752293
44229887
78696354
71434915
64904445
81279794
24743651
34137284
03625757
00211930
67701986
34049979
09637275
70484807
73369836
17161607
21008236
21906659
55680990
61057689
24276504
04872946
76933403
78878899
05363634
46990742
39121558
74487426
29582791
71367338
24975045
07987873
50925482
68512385
24365355
52806001
84873726
52315777
63359129
42009719
00233878
28733996
32717643
39618508
73228291
28560214
35453847
51396053
52582591
40222166
28481852
13838163
40026071
22142265
38144874
36005590
02745200
03450493
61865056
69403335
12469146
09827229
64939770
13743030
42386841
86358383
60503450
97126360
14119743
10166639
71743972
48915595
99577319
05121103
39204955
48459955
